2
doomshroom_100x69 1 2998 3531 128 89
doomshroom_100x83 1 3452 3626 128 106
doomshroom_103x46 1 1485 3277 132 59
doomshroom_103x90 1 3956 2951 132 115
doomshroom_105x83 1 3956 3068 135 106
doomshroom_106x88 1 3300 2084 136 113
doomshroom_106x176 1 3910 808 136 226
doomshroom_107x91 1 3956 2832 137 117
doomshroom_107x209 1 1458 570 137 268
doomshroom_108x47 1 1345 3277 138 60
doomshroom_109x71 1 3956 3176 140 91
doomshroom_133x62 1 2023 3342 170 80
doomshroom_138x119 1 3897 3926 177 153
doomshroom_139x62 1 1458 840 178 80
doomshroom_139x89 1 3910 1036 178 114
doomshroom_139x95 1 3712 3974 178 122
doomshroom_13x10 1 1638 840 17 13
doomshroom_14x9 1 4025 794 18 12
doomshroom_151x137 1 3897 3748 194 176
doomshroom_155x69 1 2082 1605 199 89
doomshroom_15x8 1 1638 855 19 10
doomshroom_15x14 1 4025 774 19 18
doomshroom_15x17 1 2514 469 19 22
doomshroom_162x61 1 3854 2409 208 78
doomshroom_16x10 1 4071 940 21 13
doomshroom_16x16 1 4048 940 21 21
doomshroom_170x161 1 3854 2201 218 206
doomshroom_170x161_2 1 963 2579 218 206
doomshroom_17x18 1 4071 694 22 23
doomshroom_182x78 1 485 1533 233 100
doomshroom_186x530 1 2517 1936 238 679
doomshroom_187x140 1 1219 3736 240 179
doomshroom_187x328 1 501 3553 240 420
doomshroom_18x17 1 2489 469 23 22
doomshroom_18x20 1 4071 666 23 26
doomshroom_190x71 1 557 3250 243 91
doomshroom_190x153 1 2957 921 243 196
doomshroom_191x108 1 1071 3350 245 138
doomshroom_191x523 1 2270 1936 245 670
doomshroom_196x519 1 944 1912 251 665
doomshroom_19x24 1 4071 633 25 31
doomshroom_1x1 1 4087 1 2 2
doomshroom_200x343 1 3698 2832 256 439
doomshroom_202x517 1 3740 1537 259 662
doomshroom_203x78 1 442 3975 260 100
doomshroom_209x517 1 3470 1537 268 662
doomshroom_20x13 1 2382 928 26 17
doomshroom_214x358 1 1445 2817 274 458
doomshroom_217x520 1 1802 1263 278 666
doomshroom_21x12 1 845 944 27 16
doomshroom_21x15 1 2460 469 27 19
doomshroom_227x101 1 552 845 291 130
doomshroom_227x527 1 2089 928 291 675
doomshroom_22x46 1 885 501 28 59
doomshroom_241x83 1 3401 3974 309 106
doomshroom_245x115 1 743 3553 314 147
doomshroom_24x21 1 3202 921 31 27
doomshroom_24x25 1 845 910 31 32
doomshroom_25x13 1 2426 469 32 17
doomshroom_26x23 1 845 878 34 30
doomshroom_26x24 1 845 845 34 31
doomshroom_293x263 1 3698 2493 375 337
doomshroom_297x113 1 743 3948 380 145
doomshroom_314x210 1 3225 3119 402 269
doomshroom_324x169 1 2763 2596 415 217
doomshroom_327x222 1 458 2964 419 284
doomshroom_334x190 1 3629 3273 428 243
doomshroom_336x184 1 1071 3498 430 236
doomshroom_337x130 1 1197 2337 432 167
doomshroom_339x180 1 1 3650 434 231
doomshroom_339x284 1 2757 2230 434 364
doomshroom_33x31 1 4048 864 42 40
doomshroom_340x179 1 1503 3702 435 229
doomshroom_340x190 1 2198 3200 435 243
doomshroom_341x183 1 3156 3390 437 234
doomshroom_341x234 1 1 2285 437 300
doomshroom_341x282 1 454 2283 437 361
doomshroom_343x161 1 1 3883 439 206
doomshroom_346x175 1 3452 3748 443 224
doomshroom_346x178 1 3595 3518 443 228
doomshroom_346x284 1 1197 1971 443 364
doomshroom_34x34 1 4048 774 44 44
doomshroom_34x67 1 4025 633 44 86
doomshroom_351x170 1 1940 3870 450 218
doomshroom_352x286 1 1 1917 451 366
doomshroom_353x174 1 2998 3626 452 223
doomshroom_355x225 1 1 2934 455 288
doomshroom_355x247 1 506 2646 455 316
doomshroom_357x288 1 485 1912 457 369
doomshroom_358x169 1 2478 3742 458 217
doomshroom_359x232 1 2763 2827 460 297
doomshroom_360x166 1 2938 3851 461 213
doomshroom_361x228 1 2225 2906 462 292
doomshroom_362x188 1 879 3107 464 241
doomshroom_366x292 1 1225 1595 469 374
doomshroom_367x166 1 2006 3655 470 213
doomshroom_368x226 1 3225 2827 471 290
doomshroom_369x259 1 3193 2493 473 332
doomshroom_36x25 1 4048 906 46 32
doomshroom_36x33 1 4048 820 46 42
doomshroom_370x164 1 743 3736 474 210
doomshroom_371x187 1 1721 3100 475 240
doomshroom_375x225 1 963 2817 480 288
doomshroom_376x298 1 1 1533 482 382
doomshroom_377x163 1 2513 3531 483 209
doomshroom_37x61 1 1597 648 48 78
doomshroom_381x162 1 2023 3445 488 208
doomshroom_382x78 1 2392 3961 489 100
doomshroom_382x222 1 1734 2814 489 284
doomshroom_384x272 1 2806 1880 492 348
doomshroom_388x304 1 726 1256 497 389
doomshroom_389x161 1 1 3442 498 206
doomshroom_391x158 1 1503 3498 501 202
doomshroom_393x223 1 1 2646 503 286
doomshroom_397x224 1 2253 2617 508 287
doomshroom_399x284 1 2382 1330 511 364
doomshroom_399x310 1 2957 1155 511 397
doomshroom_39x28 1 1155 1732 50 36
doomshroom_39x54 1 1597 728 50 69
doomshroom_400x157 1 557 3350 512 201
doomshroom_404x224 1 1734 2525 517 287
doomshroom_405x157 1 2635 3328 519 201
doomshroom_40x37 1 2895 1382 51 48
doomshroom_413x318 1 2426 921 529 407
doomshroom_414x156 1 2689 3126 530 200
doomshroom_414x297 1 3470 1155 530 380
doomshroom_418x226 1 1197 2525 535 290
doomshroom_41x35 1 2895 1432 53 45
doomshroom_425x228 1 1642 2231 544 292
doomshroom_425x253 1 2895 1554 544 324
doomshroom_429x310 1 1 845 549 397
doomshroom_431x226 1 3300 2201 552 290
doomshroom_433x148 1 1 3250 554 190
doomshroom_43x21 1 2283 1661 55 27
doomshroom_43x30 1 1597 799 55 39
doomshroom_43x39 1 2895 1330 55 50
doomshroom_446x325 1 885 570 571 416
doomshroom_447x229 1 1696 1936 572 293
doomshroom_449x258 1 1225 1263 575 330
doomshroom_45x27 1 2895 1479 58 35
doomshroom_45x66 1 4025 485 58 85
doomshroom_46x24 1 2895 1516 59 31
doomshroom_46x59 1 1597 570 59 76
doomshroom_487x377 1 3350 1 624 483
doomshroom_491x260 1 1458 928 629 333
doomshroom_499x107 1 1219 3933 639 137
doomshroom_49x31 1 1155 1690 63 40
doomshroom_49x32 1 1155 1647 63 41
doomshroom_51x46 1 4025 572 66 59
doomshroom_520x269 1 3242 808 666 345
doomshroom_522x205 1 485 1647 668 263
doomshroom_528x120 1 1345 3342 676 154
doomshroom_52x42 1 4001 1611 67 54
doomshroom_55x40 1 4025 721 71 51
doomshroom_564x186 1 2082 1696 722 238
doomshroom_565x215 1 1 1256 723 275
doomshroom_56x28 1 4001 1756 72 36
doomshroom_56x39 1 4001 1667 72 50
doomshroom_56x56 1 4002 1486 72 72
doomshroom_571x443 1 927 1 731 567
doomshroom_58x25 1 3130 1119 74 32
doomshroom_597x357 1 1660 469 764 457
doomshroom_60x42 1 2283 1605 77 54
doomshroom_610x244 1 3242 493 781 313
doomshroom_614x208 1 552 988 786 266
doomshroom_62x23 1 3048 1119 80 30
doomshroom_62x27 1 2806 1742 80 35
doomshroom_62x34 1 2806 1696 80 44
doomshroom_634x383 1 2536 1 812 490
doomshroom_636x333 1 2426 493 814 426
doomshroom_64x50 1 4002 1420 82 64
doomshroom_64x57 1 4002 1277 82 73
doomshroom_66x27 1 4001 1719 85 35
doomshroom_66x38 1 4001 1560 85 49
doomshroom_683x364 1 1660 1 874 466
doomshroom_689x267 1 1 501 882 342
doomshroom_68x51 1 4002 1352 87 66
doomshroom_69x24 1 2957 1119 89 31
doomshroom_70x142 1 1340 988 90 182
doomshroom_71x96 1 4002 1152 91 123
doomshroom_722x389 1 1 1 924 498
doomshroom_76x61 1 1696 1692 98 78
doomshroom_76x67 1 1340 1172 98 86
doomshroom_78x74 1 1696 1595 100 95
doomshroom_79x148 1 3976 208 101 190
doomshroom_7x7 1 4079 208 9 9
doomshroom_81x48 1 3193 2230 104 62
doomshroom_85x160 1 3976 1 109 205
doomshroom_90x65 1 3976 400 115 83
doomshroom_91x63 1 2513 3445 117 81
doomshroom_92x40 1 1 2587 118 51
doomshroom_97x158 1 3300 1880 124 202
doomshroom_103x79 2 1246 1335 132 101
doomshroom_107x57 2 660 1393 137 73
doomshroom_108x75 2 520 1339 138 96
doomshroom_110x103 2 1906 1149 141 132
doomshroom_111x97 2 1906 1283 142 124
doomshroom_112x50 2 1695 1397 144 64
doomshroom_115x100 2 1884 894 147 128
doomshroom_116x112 2 1755 1149 149 144
doomshroom_116x112_2 2 1597 1164 149 144
doomshroom_117x92 2 1434 1230 150 118
doomshroom_122x111 2 1884 750 156 142
doomshroom_124x64 2 565 531 159 82
doomshroom_124x103 2 1084 1183 159 132
doomshroom_129x95 2 1 1186 165 122
doomshroom_131x111 2 1084 1039 168 142
doomshroom_132x80 2 896 1295 169 103
doomshroom_132x86 2 349 1238 169 110
doomshroom_132x110 2 1 1043 169 141
doomshroom_132x115 2 913 1039 169 147
doomshroom_137x74 2 1 560 176 95
doomshroom_138x70 2 1067 1335 177 90
doomshroom_139x412 2 567 1 178 528
doomshroom_139x435 2 1 1 178 557
doomshroom_140x86 2 168 1213 179 110
doomshroom_143x55 2 310 1350 183 71
doomshroom_144x75 2 709 1295 185 96
doomshroom_145x97 2 678 1115 186 124
doomshroom_146x70 2 1 1325 187 90
doomshroom_146x75 2 520 1241 187 96
doomshroom_146x80 2 1245 1230 187 103
doomshroom_146x280 2 1841 389 187 359
doomshroom_150x94 2 484 1115 192 121
doomshroom_151x51 2 1380 1350 194 66
doomshroom_151x82 2 866 1188 194 105
doomshroom_156x66 2 1586 1310 200 85
doomshroom_157x121 2 710 958 201 155
doomshroom_163x88 2 310 658 209 113
doomshroom_163x301 2 1768 1 209 386
doomshroom_165x108 2 1542 1024 211 138
doomshroom_172x96 2 1755 1024 220 123
doomshroom_175x121 2 484 958 224 155
doomshroom_176x315 2 747 1 226 403
doomshroom_181x103 2 1308 1024 232 132
doomshroom_183x128 2 248 954 234 164
doomshroom_184x71 2 172 1120 236 91
doomshroom_191x127 2 1 878 245 163
doomshroom_223x120 2 1308 868 286 154
doomshroom_223x120_2 2 1596 868 286 154
doomshroom_239x142 2 1000 855 306 182
doomshroom_240x170 2 1 658 307 218
doomshroom_251x153 2 1485 670 322 196
doomshroom_262x137 2 662 780 336 176
doomshroom_263x164 2 1146 469 337 210
doomshroom_266x50 2 1254 1164 341 64
doomshroom_273x134 2 1014 681 350 172
doomshroom_273x134_2 2 310 780 350 172
doomshroom_275x175 2 1368 243 352 224
doomshroom_276x155 2 1485 469 354 199
doomshroom_278x163 2 181 257 356 209
doomshroom_288x187 2 1397 1 369 240
doomshroom_298x147 2 181 468 382 188
doomshroom_300x198 2 181 1 384 254
doomshroom_305x161 2 975 216 391 206
doomshroom_310x153 2 747 424 397 196
doomshroom_328x166 2 975 1 420 213
doomshroom_349x122 2 565 622 447 156
doomshroom_87x51 2 1722 389 112 66
doomshroom_88x77 2 1366 681 113 99
doomshroom_91x63_2 2 1576 1397 117 81
doomshroom_92x88 2 190 1325 118 113
